Q8----------------------------------------------------------------
   460    13

Q6----------------------------------------------------------------
     7     9     3    11

Q5----------------------------------------------------------------
     2   117   147   512   145     2   113   137   431   108

Q1----------------------------------------------------------------
   104    24   157    27   160

Q2----------------------------------------------------------------
    17    13     2

Q3----------------------------------------------------------------
     0     0     1
     0     1     1
     0     0     1

Q7----------------------------------------------------------------
     1     0     0     0     0     1     0     0     0     1     0     0     0     1     1     1     1
     1     0     0     0     0     1     0     0     1     0     1     0     0     1     0     0     0
     1     0     1     1     1     1     0     0     1     0     1     0     0     1     1     1     1
     1     0     1     0     0     1     0     1     0     0     0     1     0     0     0     0     1
     1     0     1     1     1     1     0     1     0     0     0     1     0     1     1     1     1

Q4----------------------------------------------------------------
    98   112   139   -25


Soluções:
569      227339         827        1141           6         236          90           4
