Q7----------------------------------------------------------------
     1     1     1     0     1
     1     0     1     0     1
     1     0     1     1     1

Q1----------------------------------------------------------------
   116   115   257    24   172

Q6----------------------------------------------------------------
     6     3     5     9

Q5----------------------------------------------------------------
     2   101   141   435    57     4    63   179   362     9

Q2----------------------------------------------------------------
    19    13     2

Q8----------------------------------------------------------------
   460    14

Q4----------------------------------------------------------------
   109   164   104    -5

Q3----------------------------------------------------------------
     0     0     1
     0     1     1
     0     0     1


Soluções:
1081       54046         844        1319          39          20        1381           7
