Q8----------------------------------------------------------------
   460    12

Q5----------------------------------------------------------------
     4    85   205   265   212     3   121   175   157   179

Q4----------------------------------------------------------------
   107   243    77    25

Q1----------------------------------------------------------------
   117    74   221    75   221

Q7----------------------------------------------------------------
   1   0   0   0   0   0   0   0   0   0   1
   0   1   0   0   0   0   0   0   0   1   0
   0   0   1   0   0   0   0   0   1   0   0
   0   0   0   1   0   0   0   1   0   0   0
   0   0   0   0   1   0   1   0   0   0   0
   0   0   0   0   0   1   0   0   0   0   0
   0   0   0   0   1   0   1   0   0   0   0
   0   0   0   1   0   0   0   1   0   0   0
   0   0   1   0   0   0   0   0   1   0   0
   0   1   0   0   0   0   0   0   0   1   0
   1   0   0   0   0   0   0   0   0   0   1

Q6----------------------------------------------------------------
     6     7     1     9

Q3----------------------------------------------------------------
     0     0     1
     1     1     1
     0     0     1

Q2----------------------------------------------------------------
     9    11     2


Soluções:
1113      306809         814        1332          52           3          80           2
