Q6----------------------------------------------------------------
     6     7     5     9

Q5----------------------------------------------------------------
     2    77   107    74   128     2    85   111    14   103

Q4----------------------------------------------------------------
   109   255    60    15

Q2----------------------------------------------------------------
    13    17     3

Q7----------------------------------------------------------------
     1     0     0     0     1     0     1     1     1     0     1     1     1     0     1     1     1
     1     1     0     1     1     0     1     0     1     0     1     0     0     0     1     0     0
     1     0     1     0     1     0     1     0     1     0     1     1     1     0     1     1     1
     1     0     0     0     1     0     1     0     1     0     0     0     1     0     0     0     1
     1     0     0     0     1     0     1     1     1     0     1     1     1     0     1     1     1

Q8----------------------------------------------------------------
   403    15

Q1----------------------------------------------------------------
    88    84   211    81   198

Q3----------------------------------------------------------------
     0     1     0
     1     1     1
     0     1     0


Soluções:
1294        9229         846        1356          16          44         258           6
