Q3----------------------------------------------------------------
     0     0     1
     0     1     1
     1     1     1

Q7----------------------------------------------------------------
     1     1     1     1     1
     1     0     1     0     1
     1     1     1     1     1

Q1----------------------------------------------------------------
    96    30   163    39   173

Q6----------------------------------------------------------------
     4     9     3     5

Q5----------------------------------------------------------------
     4   111   261   210   120     3    81   123    77   160

Q2----------------------------------------------------------------
    15    21     1

Q8----------------------------------------------------------------
   403    18

Q4----------------------------------------------------------------
   106   178    50    30


Soluções:
1678          94         110        1657         310          42        1184           1
