Q6----------------------------------------------------------------
     7     5     1    11

Q5----------------------------------------------------------------
     4    67   167   298   168     3    99   133   389   198

Q4----------------------------------------------------------------
   101   212    88     5

Q2----------------------------------------------------------------
    11     9     3

Q7----------------------------------------------------------------
     1     1     1
     1     0     1
     1     1     1
     1     0     1
     1     1     1

Q8----------------------------------------------------------------
   460    15

Q1----------------------------------------------------------------
   114    42   185    44   189

Q3----------------------------------------------------------------
     1     1     1
     1     1     0
     1     0     0


Soluções:
518      448964          52        1165          97           5        1220           2
