Q8----------------------------------------------------------------
   403    14

Q5----------------------------------------------------------------
     2    67   121   184    67     2    91   147   251    27

Q4----------------------------------------------------------------
    94   215    90    20

Q1----------------------------------------------------------------
    84    47   161    74   190

Q7----------------------------------------------------------------
     1     0     0     0     0     1     0     0     0     1     0     0     0     1     1     1     1
     1     0     0     0     0     1     0     0     1     0     1     0     0     1     0     0     0
     1     0     1     1     1     1     0     0     1     0     1     0     0     1     1     1     1
     1     0     1     0     0     1     0     1     0     0     0     1     0     0     0     0     1
     1     0     1     1     1     1     0     1     0     0     0     1     0     1     1     1     1

Q6----------------------------------------------------------------
     6     5     5     9

Q3----------------------------------------------------------------
     1     1     1
     1     1     0
     1     0     0

Q2----------------------------------------------------------------
     9    13     1


Soluções:
380      259399          66        1089          93         184         109           5
