Q8----------------------------------------------------------------
   403    17

Q7----------------------------------------------------------------
     1     1     1
     0     0     1
     1     1     1
     1     0     0
     1     1     1

Q2----------------------------------------------------------------
     9    15     1

Q5----------------------------------------------------------------
     4    87   209   135   158     2    75   127   240   212

Q1----------------------------------------------------------------
    88    85   210   164   282

Q6----------------------------------------------------------------
     5     3     3     7

Q4----------------------------------------------------------------
   107    69    96    35

Q3----------------------------------------------------------------
     0     0     1
     1     1     0
     0     0     1


Soluções:
1004       31808         608        1498          74          29        1472           5
