Q2----------------------------------------------------------------
     9    11     2

Q8----------------------------------------------------------------
   460    16

Q3----------------------------------------------------------------
     1     1     1
     0     1     0
     0     0     0

Q4----------------------------------------------------------------
    85   291    96    35

Q1----------------------------------------------------------------
   113    29   176   150   302

Q6----------------------------------------------------------------
     5     7     3     7

Q5----------------------------------------------------------------
     2   109   135   261   325     3   119   165   337   278

Q7----------------------------------------------------------------
     1     0     0     0     0     1     0     0     0     1     0     0     0     1     1     1     1
     1     0     0     0     0     1     0     0     1     0     1     0     0     1     0     0     0
     1     0     1     1     1     1     0     0     1     0     1     0     0     1     1     1     1
     1     0     1     0     0     1     0     1     0     0     0     1     0     0     0     0     1
     1     0     1     1     1     1     0     1     0     0     0     1     0     1     1     1     1

Soluções:
483      426539         883         796         166         227         220           1
